7
200
155
31
150
75
76
62
246
81
160
83
230
139
231
175
191
151
92
112
18
197
39
28
132
21
107
49
249
119
42
166
228
190
237
136
171
48
226
1
102
99
244
38
185
156
241
90
63
14
4
219
101
134
232
50
100
25
168
108
235
203
236
142
13
216
188
109
201
55
116
250
111
64
94
5
0
242
2
204
223
141
87
225
52
164
85
23
243
72
161
37
46
32
153
144
98
149
138
125
193
154
206
239
147
240
44
140
182
61
145
162
122
96
187
114
222
200
183
137
53
74
60
143
181
77
224
163
184
157
103
7
113
173
180
245
17
70
73
79
59
29
117
195
211
35
126
118
84
170
189
192
93
179
196
9
33
10
159
221
199
67
207
65
148
213
205
238
95
51
26
215
227
57
135
165
208
91
56
40
123
202
36
3
233
176
6
169
24
34
178
133
30
20
217
78
68
41
120
88
115
128